ROWS = 2
COLUMNS = 2
1   2   3   4

ROWS = 2
COLUMNS = 3
5   6   7
8   9   10
5   6   7   8   9   10
Inverse matrix
5   8   6   9   7   10

(1   2)(5   8)  (1   2)(6   9)  (1   2)(7   10) (3   4)(5   8)  (3   4)(6   9)  (3   4)(7   10)

----------------------------------------------------------------------------
ROWS = 2
COLUMNS = 2
1   2
3   4
1   2   3   4

ROWS = 2
COLUMNS = 2
5   6
7   8
5   6   7   8
Inverse matrix
5   7   6   8

(1   2)(5   7)  (1   2)(6   8)  (3   4)(5   7)  (3   4)(6   8)

----------------------------------------------------------------------------

ROWS = 2
COLUMNS = 3
1   2   3
4   5   6
1   2   3   4   5   6

ROWS = 3
COLUMNS = 2
7   8
9   10
11  12
7   8   9   10  11  12
Inverse matrix
7   9   11  8   10  12

(1   2   3)(7   9  11)

----------------------------------------------------------------------------

ROWS = 3
COLUMNS = 2
1   2
3   4
4   6
1   2   3   4   5   6

ROWS = 2
COLUMNS = 3
7   8   9
10  11  12
7   8   9   10  11  12
Inverse matrix
7   10  8   11  9   12

(1   2)(7   10)

LENGTH_OF_MATRIX = 9

NP = 3
SEND_COUNT = 2
